    0.0000 -117.4575
    0.1000 -114.7005
    0.2000 -115.1155
    0.3000 -110.8114
    0.4000  -98.3119
    0.5000  -91.3578
    0.6732   75.8570
    0.8464   91.6453
    1.0196   99.0324
    1.1928   97.8786
    1.3660  -14.0199
    1.5074  -35.4000
    1.6489   47.3227
    1.7903  -43.8087
    1.9317 -106.3914
    2.0731 -117.4575
    2.1731 -114.7005
    2.2731 -115.1155
    2.3731 -110.8114
    2.4731  -98.3119
    2.5731  -91.3578
    2.6731  -88.7514
    2.7731  -80.7407
    2.8731  -64.9188
    2.9731  -38.6233
    3.0731  -14.0199
    3.1731   98.9602
    3.2731  105.5490
    3.3731  112.6753
    3.4731  117.7562
    3.5731  119.5556
    3.7146  114.1556
    3.8560  103.6732
    3.9974   96.9814
    4.1388   74.2945
    4.2802  -91.3578
    4.2802  -91.3578
    4.2802  -91.3578
    4.2802  -91.3578
    4.2802  -91.3578
    4.2802  -91.3578
    4.3802  -88.7514
    4.4802  -80.7407
    4.5802  -64.9188
    4.6802  -38.6233
    4.7802  -14.0199
    4.9217   98.6352
    5.0631   99.7430
    5.2045   99.7430
    5.3459   98.6352
    5.4873  -14.0199
    5.5873   98.9602
    5.6873  105.5490
    5.7873  112.6753
    5.8873  117.7562
    5.9873  119.5556
 
    0.0000 -117.4575
    0.1000 -114.7005
    0.2000 -115.1155
    0.3000 -110.8114
    0.4000  -98.3119
    0.5000  -91.3578
    0.6732   82.5206
    0.8464   96.7369
    1.0196   99.7869
    1.1928   99.2943
    1.3660   96.2134
    1.5074   97.1818
    1.6489   92.1345
    1.7903   73.1908
    1.9317  -47.4597
    2.0731 -117.4575
    2.1731 -114.7005
    2.2731 -115.1155
    2.3731 -110.8114
    2.4731  -98.3119
    2.5731  -91.3578
    2.6731   84.8356
    2.7731   95.2844
    2.8731   97.4529
    2.9731   96.9411
    3.0731   96.2134
    3.1731  104.6110
    3.2731  108.8090
    3.3731  113.6030
    3.4731  117.8235
    3.5731  119.5556
    3.7146  116.1855
    3.8560  107.5445
    3.9974   98.6173
    4.1388   82.9146
    4.2802  -91.3578
    4.2802  -91.3578
    4.2802  -91.3578
    4.2802  -91.3578
    4.2802  -91.3578
    4.2802  -91.3578
    4.3802   84.8356
    4.4802   95.2844
    4.5802   97.4529
    4.6802   96.9411
    4.7802   96.2134
    4.9217   99.2597
    5.0631  102.4062
    5.2045  102.4062
    5.3459   99.2597
    5.4873   96.2134
    5.5873  104.6110
    5.6873  108.8090
    5.7873  113.6030
    5.8873  117.8235
    5.9873  119.5556
 
    0.0000    0.0000
    0.1000   37.7563
    0.2000   70.6201
    0.3000   84.9499
    0.4000   88.5213
    0.5000   88.8226
    0.6732   95.1519
    0.8464  102.9577
    1.0196  103.6386
    1.1928  102.0937
    1.3660  102.8153
    1.5074  100.4770
    1.6489   95.7811
    1.7903   88.1302
    1.9317   53.6607
    2.0731    0.0000
    2.1731   37.7563
    2.2731   70.6201
    2.3731   84.9499
    2.4731   88.5213
    2.5731   88.8226
    2.6731   91.0810
    2.7731   98.8767
    2.8731  103.1204
    2.9731  103.4240
    3.0731  102.8153
    3.1731  104.6110
    3.2731  108.8090
    3.3731  113.6030
    3.4731  117.8235
    3.5731  119.5556
    3.7146  117.9115
    3.8560  112.5911
    3.9974  105.2221
    4.1388   92.2409
    4.2802   88.8226
    4.2802   88.8226
    4.2802   88.8226
    4.2802   88.8226
    4.2802   88.8226
    4.2802   88.8226
    4.3802   91.0810
    4.4802   98.8767
    4.5802  103.1204
    4.6802  103.4240
    4.7802  102.8153
    4.9217  105.3043
    5.0631  108.7031
    5.2045  108.7031
    5.3459  105.3043
    5.4873  102.8153
    5.5873  104.6110
    5.6873  108.8090
    5.7873  113.6030
    5.8873  117.8235
    5.9873  119.5556
 
    0.0000    0.0000
    0.1000   37.7563
    0.2000   70.6201
    0.3000   84.9499
    0.4000   88.5213
    0.5000   88.8226
    0.6732   96.1484
    0.8464  184.1135
    1.0196  191.6851
    1.1928  127.0276
    1.3660  102.8153
    1.5074  107.3377
    1.6489  113.3357
    1.7903  110.2605
    1.9317   58.5903
    2.0731    0.0000
    2.1731   37.7563
    2.2731   70.6201
    2.3731   84.9499
    2.4731   88.5213
    2.5731   88.8226
    2.6731   92.2068
    2.7731  108.7067
    2.8731  105.9726
    2.9731  103.5630
    3.0731  102.8153
    3.1731  125.1119
    3.2731  163.9238
    3.3731  154.5876
    3.4731  146.3018
    3.5731  142.9383
    3.7146  153.9580
    3.8560  185.0761
    3.9974  184.4817
    4.1388   95.3906
    4.2802   88.8226
    4.2802   88.8226
    4.2802   88.8226
    4.2802   88.8226
    4.2802   88.8226
    4.2802   88.8226
    4.3802   92.2068
    4.4802  108.7067
    4.5802  105.9726
    4.6802  103.5630
    4.7802  102.8153
    4.9217  124.6690
    5.0631  193.0152
    5.2045  193.0152
    5.3459  124.6690
    5.4873  102.8153
    5.5873  125.1119
    5.6873  163.9238
    5.7873  154.5876
    5.8873  146.3018
    5.9873  142.9383
 
    0.0000    0.0000
    0.1000   62.3202
    0.2000  103.2427
    0.3000  126.2546
    0.4000  138.2622
    0.5000  141.9772
    0.6732  182.8028
    0.8464  194.7664
    1.0196  192.9324
    1.1928  182.8767
    1.3660  173.3629
    1.5074  184.8994
    1.6489  193.2764
    1.7903  173.2796
    1.9317   81.7496
    2.0731    0.0000
    2.1731   62.3202
    2.2731  103.2427
    2.3731  126.2546
    2.4731  138.2622
    2.5731  141.9772
    2.6731  164.6305
    2.7731  225.6677
    2.8731  200.6249
    2.9731  180.4995
    3.0731  173.3629
    3.1731  170.8497
    3.2731  212.8302
    3.3731  175.9199
    3.4731  150.7121
    3.5731  142.9383
    3.7146  154.2647
    3.8560  185.7650
    3.9974  223.4956
    4.1388  185.5549
    4.2802  141.9772
    4.2802  141.9772
    4.2802  141.9772
    4.2802  141.9772
    4.2802  141.9772
    4.2802  141.9772
    4.3802  164.6305
    4.4802  225.6677
    4.5802  200.6249
    4.6802  180.4995
    4.7802  173.3629
    4.9217  178.1097
    5.0631  196.7378
    5.2045  196.7378
    5.3459  178.1097
    5.4873  173.3629
    5.5873  170.8497
    5.6873  212.8302
    5.7873  175.9199
    5.8873  150.7121
    5.9873  142.9383
 
    0.0000  149.1758
    0.1000  150.6248
    0.2000  158.6796
    0.3000  174.7802
    0.4000  190.1929
    0.5000  196.9689
    0.6732  197.4994
    0.8464  218.0570
    1.0196  216.4094
    1.1928  239.6565
    1.3660  255.5856
    1.5074  252.3214
    1.6489  239.0526
    1.7903  183.2496
    1.9317  153.2329
    2.0731  149.1758
    2.1731  150.6248
    2.2731  158.6796
    2.3731  174.7802
    2.4731  190.1929
    2.5731  196.9689
    2.6731  204.9918
    2.7731  230.0193
    2.8731  240.9602
    2.9731  251.5078
    3.0731  255.5856
    3.1731  244.1918
    3.2731  212.8302
    3.3731  175.9199
    3.4731  150.7121
    3.5731  142.9383
    3.7146  157.4877
    3.8560  187.2483
    3.9974  226.1596
    4.1388  203.5613
    4.2802  196.9689
    4.2802  196.9689
    4.2802  196.9689
    4.2802  196.9689
    4.2802  196.9689
    4.2802  196.9689
    4.3802  204.9918
    4.4802  230.0193
    4.5802  240.9602
    4.6802  251.5078
    4.7802  255.5856
    4.9217  239.6276
    5.0631  219.7199
    5.2045  219.7199
    5.3459  239.6276
    5.4873  255.5856
    5.5873  244.1918
    5.6873  212.8302
    5.7873  175.9199
    5.8873  150.7121
    5.9873  142.9383
 
    0.0000  149.8190
    0.1000  150.6248
    0.2000  158.6796
    0.3000  174.7802
    0.4000  190.1929
    0.5000  196.9689
    0.6732  215.6254
    0.8464  230.4173
    1.0196  234.3321
    1.1928  243.9937
    1.3660  255.5856
    1.5074  259.4482
    1.6489  245.0631
    1.7903  220.7658
    1.9317  164.8132
    2.0731  149.8190
    2.1731  150.6248
    2.2731  158.6796
    2.3731  174.7802
    2.4731  190.1929
    2.5731  196.9689
    2.6731  207.4385
    2.7731  230.6933
    2.8731  271.2889
    2.9731  261.4584
    3.0731  255.5856
    3.1731  244.1918
    3.2731  228.7705
    3.3731  300.5816
    3.4731  345.5384
    3.5731  366.5210
    3.7146  342.6064
    3.8560  294.1951
    3.9974  226.2034
    4.1388  227.6871
    4.2802  196.9689
    4.2802  196.9689
    4.2802  196.9689
    4.2802  196.9689
    4.2802  196.9689
    4.2802  196.9689
    4.3802  207.4385
    4.4802  230.6933
    4.5802  271.2889
    4.6802  261.4584
    4.7802  255.5856
    4.9217  247.9535
    5.0631  235.6336
    5.2045  235.6336
    5.3459  247.9535
    5.4873  255.5856
    5.5873  244.1918
    5.6873  228.7705
    5.7873  300.5816
    5.8873  345.5384
    5.9873  366.5210
 
    0.0000  149.8190
    0.1000  166.3138
    0.2000  208.4741
    0.3000  249.5097
    0.4000  274.3216
    0.5000  282.1416
    0.6732  262.4669
    0.8464  254.2713
    1.0196  305.8398
    1.1928  317.4828
    1.3660  349.2553
    1.5074  300.4762
    1.6489  253.3995
    1.7903  226.4365
    1.9317  168.0853
    2.0731  149.8190
    2.1731  166.3138
    2.2731  208.4741
    2.3731  249.5097
    2.4731  274.3216
    2.5731  282.1416
    2.6731  262.9591
    2.7731  271.3253
    2.8731  274.1207
    2.9731  315.5469
    3.0731  349.2553
    3.1731  352.0437
    3.2731  361.9052
    3.3731  375.2190
    3.4731  370.0315
    3.5731  366.5210
    3.7146  357.7090
    3.8560  326.4837
    3.9974  268.1301
    4.1388  258.7331
    4.2802  282.1416
    4.2802  282.1416
    4.2802  282.1416
    4.2802  282.1416
    4.2802  282.1416
    4.2802  282.1416
    4.3802  262.9591
    4.4802  271.3253
    4.5802  274.1207
    4.6802  315.5469
    4.7802  349.2553
    4.9217  326.3381
    5.0631  312.4130
    5.2045  312.4130
    5.3459  326.3381
    5.4873  349.2553
    5.5873  352.0437
    5.6873  361.9052
    5.7873  375.2190
    5.8873  370.0315
    5.9873  366.5210
 
    0.0000  263.0439
    0.1000  267.1395
    0.2000  277.3746
    0.3000  289.1389
    0.4000  298.0130
    0.5000  301.2626
    0.6732  266.0489
    0.8464  302.1342
    1.0196  312.8373
    1.1928  340.0357
    1.3660  349.2553
    1.5074  333.0397
    1.6489  305.4200
    1.7903  269.0003
    1.9317  263.6205
    2.0731  263.0439
    2.1731  267.1395
    2.2731  277.3746
    2.3731  289.1389
    2.4731  298.0130
    2.5731  301.2626
    2.6731  291.4271
    2.7731  285.0979
    2.8731  330.7485
    2.9731  343.5318
    3.0731  349.2553
    3.1731  352.0437
    3.2731  361.9052
    3.3731  375.2190
    3.4731  384.0741
    3.5731  385.0813
    3.7146  380.8367
    3.8560  362.8829
    3.9974  312.2453
    4.1388  267.9879
    4.2802  301.2626
    4.2802  301.2626
    4.2802  301.2626
    4.2802  301.2626
    4.2802  301.2626
    4.2802  301.2626
    4.3802  291.4271
    4.4802  285.0979
    4.5802  330.7485
    4.6802  343.5318
    4.7802  349.2553
    4.9217  349.5396
    5.0631  351.9981
    5.2045  351.9981
    5.3459  349.5396
    5.4873  349.2553
    5.5873  352.0437
    5.6873  361.9052
    5.7873  375.2190
    5.8873  384.0741
    5.9873  385.0813
 
    0.0000  263.0439
    0.1000  270.5625
    0.2000  288.7246
    0.3000  305.8070
    0.4000  313.4790
    0.5000  314.5283
    0.6732  330.4427
    0.8464  347.2727
    1.0196  364.9114
    1.1928  386.9395
    1.3660  358.4242
    1.5074  390.4599
    1.6489  349.5671
    1.7903  290.7888
    1.9317  275.3156
    2.0731  263.0439
    2.1731  270.5625
    2.2731  288.7246
    2.3731  305.8070
    2.4731  313.4790
    2.5731  314.5283
    2.6731  315.2154
    2.7731  319.7916
    2.8731  352.7098
    2.9731  382.5569
    3.0731  358.4242
    3.1731  367.4315
    3.2731  384.5789
    3.3731  378.9181
    3.4731  384.0741
    3.5731  385.0813
    3.7146  385.9652
    3.8560  385.0347
    3.9974  369.4869
    4.1388  338.3255
    4.2802  314.5283
    4.2802  314.5283
    4.2802  314.5283
    4.2802  314.5283
    4.2802  314.5283
    4.2802  314.5283
    4.3802  315.2154
    4.4802  319.7916
    4.5802  352.7098
    4.6802  382.5569
    4.7802  358.4242
    4.9217  386.0597
    5.0631  368.2397
    5.2045  368.2397
    5.3459  386.0597
    5.4873  358.4242
    5.5873  367.4315
    5.6873  384.5789
    5.7873  378.9181
    5.8873  384.0741
    5.9873  385.0813
 
    0.0000  263.0439
    0.1000  270.5625
    0.2000  288.7246
    0.3000  305.8070
    0.4000  313.4790
    0.5000  314.5283
    0.6732  341.8614
    0.8464  361.3597
    1.0196  374.9171
    1.1928  397.0707
    1.3660  400.2791
    1.5074  394.1873
    1.6489  371.0790
    1.7903  323.4266
    1.9317  282.9184
    2.0731  263.0439
    2.1731  270.5625
    2.2731  288.7246
    2.3731  305.8070
    2.4731  313.4790
    2.5731  314.5283
    2.6731  342.2769
    2.7731  376.4904
    2.8731  403.2509
    2.9731  392.5678
    3.0731  400.2791
    3.1731  397.3223
    3.2731  389.3294
    3.3731  394.8946
    3.4731  393.0655
    3.5731  385.0813
    3.7146  401.1865
    3.8560  396.4178
    3.9974  376.9554
    4.1388  345.5017
    4.2802  314.5283
    4.2802  314.5283
    4.2802  314.5283
    4.2802  314.5283
    4.2802  314.5283
    4.2802  314.5283
    4.3802  342.2769
    4.4802  376.4904
    4.5802  403.2509
    4.6802  392.5678
    4.7802  400.2791
    4.9217  389.8429
    5.0631  400.7411
    5.2045  400.7411
    5.3459  389.8429
    5.4873  400.2791
    5.5873  397.3223
    5.6873  389.3294
    5.7873  394.8946
    5.8873  393.0655
    5.9873  385.0813
 
    0.0000  451.4043
    0.1000  457.3329
    0.2000  460.8201
    0.3000  448.7245
    0.4000  438.0008
    0.5000  433.8770
    0.6732  435.6118
    0.8464  443.0588
    1.0196  432.4861
    1.1928  416.2713
    1.3660  454.1648
    1.5074  418.1655
    1.6489  425.1191
    1.7903  450.1883
    1.9317  461.0401
    2.0731  451.4043
    2.1731  457.3329
    2.2731  460.8201
    2.3731  448.7245
    2.4731  438.0008
    2.5731  433.8770
    2.6731  429.8345
    2.7731  418.9800
    2.8731  407.9127
    2.9731  434.7247
    3.0731  454.1648
    3.1731  451.7282
    3.2731  442.2336
    3.3731  425.8757
    3.4731  414.0680
    3.5731  409.9191
    3.7146  406.2206
    3.8560  412.1820
    3.9974  421.0639
    4.1388  430.0749
    4.2802  433.8770
    4.2802  433.8770
    4.2802  433.8770
    4.2802  433.8770
    4.2802  433.8770
    4.2802  433.8770
    4.3802  429.8345
    4.4802  418.9800
    4.5802  407.9127
    4.6802  434.7247
    4.7802  454.1648
    4.9217  431.8062
    5.0631  410.9843
    5.2045  410.9843
    5.3459  431.8062
    5.4873  454.1648
    5.5873  451.7282
    5.6873  442.2336
    5.7873  425.8757
    5.8873  414.0680
    5.9873  409.9191
 
    0.0000  471.8881
    0.1000  469.1194
    0.2000  460.8201
    0.3000  448.7245
    0.4000  438.0008
    0.5000  433.8770
    0.6732  438.8016
    0.8464  447.5323
    1.0196  443.3734
    1.1928  447.5960
    1.3660  454.1648
    1.5074  449.7453
    1.6489  451.8035
    1.7903  462.8247
    1.9317  466.4149
    2.0731  471.8881
    2.1731  469.1194
    2.2731  460.8201
    2.3731  448.7245
    2.4731  438.0008
    2.5731  433.8770
    2.6731  435.8085
    2.7731  438.6710
    2.8731  439.6945
    2.9731  446.2567
    3.0731  454.1648
    3.1731  451.7282
    3.2731  443.1365
    3.3731  428.2940
    3.4731  414.1345
    3.5731  409.9191
    3.7146  415.5682
    3.8560  423.9838
    3.9974  431.3081
    4.1388  433.9492
    4.2802  433.8770
    4.2802  433.8770
    4.2802  433.8770
    4.2802  433.8770
    4.2802  433.8770
    4.2802  433.8770
    4.3802  435.8085
    4.4802  438.6710
    4.5802  439.6945
    4.6802  446.2567
    4.7802  454.1648
    4.9217  444.1356
    5.0631  431.1174
    5.2045  431.1174
    5.3459  444.1356
    5.4873  454.1648
    5.5873  451.7282
    5.6873  443.1365
    5.7873  428.2940
    5.8873  414.1345
    5.9873  409.9191
 
    0.0000  471.8881
    0.1000  469.1194
    0.2000  473.9243
    0.3000  497.0748
    0.4000  518.4550
    0.5000  527.3822
    0.6732  511.8897
    0.8464  481.0030
    1.0196  473.8303
    1.1928  476.5160
    1.3660  462.5983
    1.5074  481.3267
    1.6489  488.0039
    1.7903  479.8531
    1.9317  468.9152
    2.0731  471.8881
    2.1731  469.1194
    2.2731  473.9243
    2.3731  497.0748
    2.4731  518.4550
    2.5731  527.3822
    2.6731  524.0923
    2.7731  514.4050
    2.8731  499.0961
    2.9731  480.0264
    3.0731  462.5983
    3.1731  456.7651
    3.2731  443.1365
    3.3731  428.2940
    3.4731  414.1345
    3.5731  409.9191
    3.7146  427.0867
    3.8560  464.3556
    3.9974  499.3391
    4.1388  520.6396
    4.2802  527.3822
    4.2802  527.3822
    4.2802  527.3822
    4.2802  527.3822
    4.2802  527.3822
    4.2802  527.3822
    4.3802  524.0923
    4.4802  514.4050
    4.5802  499.0961
    4.6802  480.0264
    4.7802  462.5983
    4.9217  475.3074
    5.0631  482.3567
    5.2045  482.3567
    5.3459  475.3074
    5.4873  462.5983
    5.5873  456.7651
    5.6873  443.1365
    5.7873  428.2940
    5.8873  414.1345
    5.9873  409.9191
 
